0.7
17.7
36.7
51.7
68.7
83.7
104.7
123.7
144.7
154.7
164.7
179.7
194.7
215.7
236.7
252.7
269.7
285.7
295.7
310.7
320.7
341.7
355.7
374.7
394.7
410.7
431.7
446.7
465.7
483.7
497.7
508.7
518.7
530.7
548.7
559.7
575.7
596.7
615.7
630.7
647.7
657.7
668.7
681.7
691.7
709.7
727.7
745.7
756.7
771.7
781.7
802.7
817.7
836.7
848.7
862.7
879.7
896.7
910.7
920.7
941.7
962.7
983.7
1002.7
1012.7
1032.7
1046.7
1064.7
1083.7
1101.7
1116.7
1137.7
1155.7
1173.7
1193.7
1210.7
1222.7
1235.7
1255.7
1273.7
1283.7
1294.7
1311.7
1327.7
1346.7
1357.7
1370.7
1384.7
1401.7
1415.7
1431.7
1451.7
1461.7
1475.7
1490.7
1501.7
1519.7
1539.7
1557.7
1568.7
1586.7
1607.7
1623.7
1644.7
1663.7
1681.7
1696.7
1713.7
1728.7
1740.7
1760.7
1777.7
1798.7
1814.7
1830.7
1840.7
1854.7
1868.7
1887.7
1899.7
1909.7
1930.7
1941.7
1958.7
1976.7
1992.7
2012.7
2033.7
2051.7
2067.7
2086.7
2101.7
2122.7
2132.7
2145.7
2158.7
2178.7
2199.7
2211.7
2224.7
2244.7
2256.7
2272.7
2284.7
2296.7
2316.7
2337.7
2350.7
2366.7
2387.7
2405.7
2423.7
2440.7
2454.7
2471.7
2490.7
2504.7
2519.7
2537.7
2557.7
2578.7
2591.7
2609.7
2628.7
2647.7
2657.7
2668.7
2686.7
2701.7
2722.7
2734.7
2752.7
2763.7
2776.7
2789.7
2809.7
2819.7
2838.7
2850.7
2863.7
2882.7
2892.7
2904.7
2918.7
2938.7
2949.7
2966.7
2985.7
3004.7
3018.7
3033.7
3046.7
3066.7
3081.7
3102.7
3122.7
3139.7
3153.7
3171.7
3190.7
3201.7
3213.7
3228.7
3247.7
3266.7
3285.7
3305.7
3318.7
3331.7
3343.7
3362.7
3377.7
3397.7
3416.7
3429.7
3447.7
3468.7
3482.7
3497.7
3510.7
3527.7
3547.7
3559.7
3580.7
3592.7
3612.7
3622.7
3635.7
3655.7
3665.7
3680.7
3692.7
3707.7
3721.7
3741.7
3756.7
3768.7
3788.7
3801.7
3812.7
3827.7
3846.7
3859.7
3876.7
3891.7
3902.7
3919.7
3929.7
3950.7
3966.7
3979.7
3992.7
4012.7
4033.7
4044.7
4064.7
4079.7
4089.7
4103.7
4117.7
4132.7
4151.7
4168.7
4187.7
4201.7
4218.7
4238.7
4258.7
4272.7
4290.7
4304.7
4317.7
4333.7
4354.7
4364.7
4378.7
4397.7
4407.7
4424.7
4444.7
4456.7
4469.7
4482.7
4493.7
4511.7
4528.7
4540.7
4559.7
4578.7
4591.7
4608.7
4619.7
4635.7
4648.7
4659.7
4674.7
4687.7
4698.7
4717.7
4737.7
4753.7
4769.7
4789.7
4800.7
4821.7
4836.7
4857.7
4872.7
4882.7
4894.7
4905.7
4917.7
4928.7
4947.7
4959.7
4976.7
4991.7
5006.7
5027.7
5044.7
5063.7
5073.7
5087.7
5102.7
5122.7
5138.7
5152.7
5172.7
5189.7
5199.7
5211.7
5229.7
5249.7
5266.7
5283.7
5304.7
5317.7
5337.7
5354.7
5375.7
5394.7
5412.7
5429.7
5444.7
5463.7
5477.7
5496.7
5517.7
5532.7
5545.7
5560.7
5577.7
5594.7
5605.7
5616.7
5633.7
5645.7
5664.7
5682.7
5699.7
5719.7
5734.7
5748.7
5766.7
5786.7
5800.7
5814.7
5831.7
5846.7
5858.7
5873.7
5892.7
5909.7
5926.7
5945.7
5964.7
5980.7
5997.7
6007.7
6025.7
6041.7
6054.7
6072.7
6088.7
6103.7
6114.7
6129.7
6148.7
6162.7
6175.7
6194.7
6215.7
6227.7
6237.7
6251.7
6263.7
6278.7
6289.7
6304.7
6319.7
6340.7
6350.7
6364.7
6385.7
6406.7
6423.7
6438.7
6450.7
6461.7
6482.7
6494.7
6507.7
6518.7
6531.7
6543.7
6564.7
6584.7
6597.7
6611.7
6630.7
6641.7
6651.7
6662.7
6682.7
6703.7
6718.7
6731.7
6745.7
6764.7
6780.7
6801.7
6811.7
6825.7
6846.7
6863.7
6882.7
6902.7
6917.7
6933.7
6946.7
6956.7
6975.7
6992.7
7006.7
7023.7
7039.7
7051.7
7062.7
7076.7
7087.7
7104.7
7120.7
7135.7
7156.7
7170.7
7186.7
7203.7
7219.7
7232.7
7244.7
7262.7
7272.7
7283.7
7294.7
7312.7
7325.7
7340.7
7352.7
7366.7
7377.7
7388.7
7408.7
7425.7
7435.7
7453.7
7469.7
7482.7
7501.7
7511.7
7530.7
7548.7
7568.7
7581.7
7594.7
7608.7
7624.7
7645.7
7663.7
7682.7
7697.7
7708.7
7723.7
7733.7
7744.7
7759.7
7778.7
7795.7
7813.7
7824.7
7836.7
7850.7
7867.7
7878.7
7898.7
7910.7
7928.7
7939.7
7952.7
7972.7
7989.7
8000.7
8015.7
8034.7
8048.7
8064.7
8074.7
8095.7
8111.7
8123.7
8137.7
8149.7
8169.7
8187.7
8206.7
8217.7
8234.7
8247.7
8262.7
8273.7
8287.7
8298.7
8311.7
8324.7
8336.7
8354.7
8375.7
8391.7
8401.7
8420.7
8435.7
8454.7
8474.7
8491.7
8507.7
8521.7
8540.7
8561.7
8573.7
8591.7
8611.7
8631.7
8645.7
8661.7
8678.7
8688.7
8709.7
8720.7
8737.7
8751.7
8768.7
8786.7
8807.7
8820.7
8840.7
8854.7
8873.7
8889.7
8902.7
8917.7
8928.7
8942.7
8963.7
8981.7
8994.7
9012.7
9028.7
9045.7
9055.7
9071.7
9089.7
9101.7
9120.7
9133.7
9150.7
9169.7
9190.7
9200.7
9216.7
9234.7
9251.7
9266.7
9279.7
9297.7
9312.7
9322.7
9337.7
9355.7
9373.7
9386.7
9397.7
9416.7
9427.7
9437.7
9454.7
9474.7
9490.7
9507.7
9523.7
9542.7
9552.7
9563.7
9577.7
9597.7
9609.7
9624.7
9642.7
9659.7
9672.7
9692.7
9709.7
9724.7
9737.7
9753.7
9770.7
9786.7
9801.7
9812.7
9824.7
9838.7
9851.7
9861.7
9882.7
9895.7
9907.7
9925.7
9945.7
9959.7
9972.7
9988.7
10001.7
10016.7
10031.7
10048.7
10058.7
10076.7
10089.7
10102.7
10113.7
10127.7
10139.7
10156.7
10166.7
10178.7
10189.7
10207.7
10226.7
10240.7
10261.7
10272.7
10290.7
10309.7
10319.7
10330.7
10350.7
10360.7
10380.7
10401.7
10412.7
10423.7
10437.7
10453.7
10474.7
10491.7
10504.7
10517.7
10532.7
10552.7
10565.7
10576.7
10591.7
10606.7
10626.7
10636.7
10650.7
10662.7
10678.7
10694.7
10705.7
10718.7
10731.7
10751.7
10766.7
10785.7
10796.7
10817.7
10836.7
10851.7
10861.7
10874.7
10893.7
10912.7
10933.7
10947.7
10964.7
10978.7
10998.7
11016.7
11028.7
11049.7
11069.7
11088.7
11103.7
11122.7
11139.7
11155.7
11171.7
11187.7
11200.7
11221.7
11235.7
11246.7
11264.7
11276.7
11296.7
11316.7
11327.7
11345.7
11359.7
11370.7
11386.7
11404.7
11416.7
11427.7
11444.7
11459.7
11477.7
11489.7
11499.7
11517.7
11527.7
11545.7
11558.7
11571.7
11592.7
11603.7
11624.7
11639.7
11650.7
11671.7
11688.7
11698.7
11710.7
11728.7
11742.7
11760.7
11779.7
11795.7
11806.7
11816.7
11830.7
11841.7
11858.7
11874.7
11884.7
11899.7
11916.7
11934.7
11950.7
11968.7
11979.7
11990.7
12004.7
12019.7
12040.7
12053.7
12071.7
12088.7
12109.7
12122.7
12136.7
12154.7
12172.7
12183.7
12195.7
12208.7
12224.7
12243.7
12260.7
12271.7
12291.7
12302.7
12315.7
12331.7
12344.7
12363.7
12384.7
12397.7
12417.7
12429.7
12448.7
12464.7
12478.7
12493.7
12505.7
12525.7
12541.7
12551.7
12568.7
12584.7
12599.7
12612.7
12625.7
12640.7
12655.7
12671.7
12684.7
12694.7
12712.7
12722.7
12732.7
12749.7
12770.7
12784.7
12801.7
12819.7
12829.7
12839.7
12859.7
12873.7
12888.7
12903.7
12918.7
12937.7
12948.7
12964.7
12984.7
13005.7
13017.7
13036.7
13054.7
13068.7
13080.7
13094.7
13108.7
13123.7
13144.7
13162.7
13183.7
13199.7
13212.7
13228.7
13248.7
13267.7
13280.7
13290.7
13301.7
13311.7
13322.7
13335.7
13351.7
13370.7
13387.7
13405.7
13425.7
13440.7
13460.7
13479.7
13499.7
13513.7
13532.7
13546.7
13558.7
13573.7
13587.7
13599.7
13619.7
13634.7
13647.7
13663.7
13679.7
13689.7
13705.7
13718.7
13734.7
13744.7
13757.7
13767.7
13777.7
13791.7
13812.7
13833.7
13851.7
13871.7
13887.7
13902.7
13921.7
13933.7
13945.7
13957.7
13969.7
13982.7
13998.7
14009.7
14028.7
14040.7
14053.7
14064.7
14085.7
14105.7
14121.7
14131.7
14144.7
14157.7
14170.7
14191.7
14210.7
14221.7
14242.7
14260.7
14273.7
14294.7
14308.7
14318.7
14334.7
14350.7
14360.7
14370.7
14385.7
14406.7
14425.7
14439.7
14458.7
14470.7
14487.7
14505.7
14524.7
14542.7
14553.7
14564.7
14576.7
14596.7
14609.7
14630.7
14648.7
14668.7
14688.7
14709.7
14724.7
14742.7
14758.7
14771.7
14789.7
14799.7
14820.7
14835.7
14846.7
14863.7
14874.7
14890.7
14906.7
14925.7
14935.7
14953.7
14968.7
14982.7
14997.7
15017.7
15036.7
15053.7
15070.7
15083.7
15095.7
15115.7
15126.7
15137.7
15155.7
15174.7
15192.7
15208.7
15224.7
15242.7
15256.7
15277.7
15295.7
15311.7
15321.7
15342.7
15361.7
15381.7
15391.7
15408.7
15425.7
15438.7
15452.7
15468.7
15481.7
15491.7
15509.7
15530.7
15548.7
