244697342
86751756
594641477
169227559
849991727
263427740
21068448
779402840
841256213
162622434
914968856
78145826
557343568
987576838
769418291
813544750
136244918
86925428
733998475
355985769
145081559
229083290
390566745
495071588
505543528
13996973
975290601
67826484
390805719
369215621
187892912
373765384
271869920
896934442
234243636
376469566
840046611
588983015
914807765
87182873
132062534
535351128
541485279
203969562
510812627
843723755
484804842
557483263
212412528
282283915
576234105
150966325
128848438
270802780
991509349
567379863
984473273
169518462
763812891
293855760
665850815
868820697
411633649
855748302
212519916
509528719
700387183
107796362
335882393
225106165
335772971
65952668
423464305
53343011
40433700
544607229
86121699
990414132
747962496
669405835
386856265
579412815
524773108
536752616
529259361
109693791
86943161
173450327
719635874
632771691
900742240
905346739
447417902
828471801
203159451
935759016
6457487
740423740
76803140
589694765
180875326
826751504
526657168
524298396
499228807
805634455
506448689
281919394
131104876
606882342
986817973
847566331
310657032
402258710
818522226
496533992
948935750
377164313
338607389
506364410
825085133
141437893
126261514
519283166
341506575
630284110
293337638
123137378
975899123
928890624
169749455
667245116
107301913
639731148
292637483
813266504
641562735
882131088
919036078
418497352
917128367
765985940
838164656
647178663
835852351
157067291
209416702
627612146
877823037
386796387
870179738
701101370
786926061
521358763
325151169
359307067
710593653
175157105
32821234
320010513
710037130
749193820
90245290
945234544
42521799
418678217
394694205
709924677
792970341
326771466
272199905
931747172
575964264
860482714
95808716
657944997
779656921
682094919
293358306
441186425
982020520
24035006
850088927
736763286
219138744
326775062
976174628
369198229
339556325
957116913
45012263
126479409
352813416
45044340
20259134
116138851
180294902
546541335
661437549
212192975