679235096056409800000
189583278864655650000
614951703197578400000
189701966252488600000
793049709340967700000
230658878769951500000
12606812836574833000
910838493926882500000
513988249261425000000
972729555911717300000
696568309690137800000
556891856083340900000
506925776416875740000
595231481778944100000
969493260213693400000
931206249562487500000
608074133905590200000
769537829284199900000
905770507270094700000
67911569498389170000
728689879874087700000
806800959577318200000
644572055477979000000
107066831213487260000
796184767375612200000
93189721221745620000
603913318243167200000
963819609409756900000
376692686079521000000
386902134029539740000
678519343666862900000
391814035738769600000
349796938943850000000
56521866766188420000
400306344888443860000
608921929859711200000
228808915920240000000
883046593928138000000
387089729063167200000
196208774554166760000
700505037165046900000
477922755916575740000
120074928570124580000
762506594970548700000
523477821900110000000
54875091124322100000
381907077583323300000
945339458089922900000
999155632641054500000
223416219091295600000
883895993668813000000
513374749361904750000
103239461499581960000
169377478937613000000
553658118711251500000
686387251973342800000
746404793180804200000
815577486868021200000
952473758178856300000
162510286370715070000
521478755388810500000
850955351677336600000
781202936781976100000
323256479712450840000
70155053732055440000
899272768428524000000
849363658288304200000
708827345517754000000
191102597434442250000
866540790571294300000
186150641934280650000
940348740088993500000
118399937306701510000
361099795362975300000
165055230391032870000
112513236186470020000
115241423910913180000
185181322620777040000
360798441211606700000
578521481549484300000
768674436619278400000
646514995441573800000
40613934738321870000
578292172105750540000
47088663093752140000
14906783767222542000
472945606736432400000
975963753481261500000
966812532729133500000
397300863455818600000
55167275129057060000
993034109535478600000
804948844532597900000
436287611744441660000
98585975712209850000
984691084274362700000
267183618879483840000
844387867665652000000
471417068210855150000
262978838578886700000
171458418771117670000
92883209524499580000
456009021406723640000
102832325938822860000
681179275170971800000
111418238586602720000
948155759176450200000
217571094313079730000
338140718388163050000
127759406790116660000
205957177508615320000
183598542411150820000
600671701333071600000
493911621582287600000
734173477392475500000
286582038197129120000
611760318487227100000
319963670613436140000
596961475774120500000
214508858641117680000
591956262797231000000
609280554660175400000
566674378685922300000
395461714664927500000
217278815441479070000
934424457158639100000
977228013449788400000
454877383782894530000
929088355835378100000
797904345369391000000
621144286233366900000
92756812623494330000
624336710313482000000
986314523761534700000
791201741534438600000
787336646474609500000
170384728419769940000
222940615395511570000
697964754013677600000
831026483164623300000
939097760187814500000
826924066512943200000
802987816338937200000
851568845591031300000
870496858047782700000
794471664823923600000
33459450291874804000
110942535161463690000
127195585774346530000
992568774382051000000
651564470050956000000
433494251480190940000
943648312321327200000
979837539610897800000
396827800975439800000
974533289580876300000
882578880091077600000
670232212550267800000
583833460820176540000
631743047851149900000
584336821355789550000
419228896788567100000
674622730078894700000
416753840835009100000
769745896418760200000
745892248890000100000
692047043440129300000
715065385555360000000
53778786697152860000
552545859423560800000
320420106537678800000
819759955063376000000
439192592801422200000
418964431457413900000
277786303019055050000
500270992719452800000
951082888349124700000
22888694475552640000
702348182769610800000
528874619740544960000
768117797116294200000
713919773708323400000
267361426920924350000
708609624016530000000
118893296368416390000
470033892217231100000
867133016577738000000
607510843475776100000
12787892476482154000
661529145126853000000
826646716549287900000
927591952960221700000
909755353331101000000
514070511990320600000
989190840362588400000
325308750548809000000
241974849975674630000
854145228827824000000
392494881425354850000
203609962293137540000