15778894274921990746868288085113342333290029158097
24027260729999087730848093623302654912548369924037
6986379168030951258019897896879666855380780413784
69193338992912066771470910983700550539709501193408
94863537967479106677730488756484699919203178897693
38919637357931565956282865424184715883830687436198
37341730432134147134797900847069577736662136647088
37962680637150074791591853561955522483453064290074
49947107000163497593151284998042286648090429200478
27399436021817941564875241459511444942167119271610
43909854139146142279835751289763490846925857335125
1570634689589001470708390823946076901641624037830
87216935622346210257474905155824363276626434310592
75001942961068555607307516344323464724375079225679
47783802043666757431239159077783215726325984755733
49670228267692712942561627202989005997430233181790
89370404266711383292270743775541491280732995022850
30030105967022894136662961841570863560784676517078
52175836780851480068494312098083980327762183512068
78561409117953754491056462543435805591576627189681
58952921352014694268702824330444535910836111927844
43967124479779022538100228168062253722766278079843
79886172650873905813650522457081756196885331819762
48675123735612584750472090618174681070861962089059
35362747449259637099333328338402652606538707387225
27987087383187455790873917356848424626781408162802
75886014067841112159887584142182049458994629002114
38422325539344539394753674218524722507487591506005
66025403342180071461738941226813421640855909541213
92488152349861307181937556924397142644214768284328
26851598933821307248524545597188884034402302561391
72064722783211532634808550195609997681268128810675
5286641579309778422285114485202841970712355013234
76898510035118321539847282066645309077726765719789
42454940768214457674027617555356131570737617566617
41942334842284512469201267832746502144789626404414
89670379808747746486838327489543537983276847782665
43188015943741756506477035986590057276031761267944
19563680756800289959926772544602096782227447472525
42833653335873150015944324917147951347131012438067
31433803912933305185361239933958749339172735780044
35159298512399483090260218723124046025812869917920
13202271136032695572783369741979433304270231160356
65213100642264698294893483616191274307579039308340
831854892792318776154269667764205532286607799568
20468897516137322976515165717080100243234744024378
3891567460691532954532609312277448512527611228228
9718898134254531922389154747134792747341688277340
86898687828134454627247972354344051247005985293327
53023806450942764222118979976891579919080272355857
59244211806812661588042161122740084254974054973731
10545488792521926634632913967241880055506648082035
90155854738580787570386819888089543860654601285374
51473079876830026747071924480446788371156591787476
88833850045501766025893988148090621796037296152508
45950012350299012707154347222604104492957848692014
78819763658942682485037024143488308611357002215970
51209315396838854968012048172713809653672528676518
28209893507850521566218131737599008841683388974994
95072802086701446155883200068123328656727902987826
19528765762335931708994850830839561227334491816912
48953385134218917550294095843225641339651862780269
97824377920007407323599803499805755250505538138458
5417042055757609892396246301215449393478695570188
74024730010219809365825182920014891174385661799400
85554977825126214494640372204030212665949098890008
72932406061822345845003290261513764791823601723053
86895233740410817498152725284259530841977175478531
92809302872054949879784056066367946313517438097085
34834232992773534766140074554257310490291178289096
27782178063241246278624252773020527551921959805962
26783254127211995177338574473294440936808770536528
91826422397245224448508467239952250299134429634881
65629870681269778808008995096517183786698482346768
66529088962419394128783986975230277778931247096951
73761509448156612196353285303360622613215654382834
73336935682744847283188651653812549330702490355212
36583680370353136044319212386017516436538571364854
65319320430234541015588297889139316307076843913177
26250381071748392274537680474685912325470441949920
33119068269741160188625078318894386414092839635804
68117407003139463193280423382110819404217393157604
42940411056587297612036764452217585528082165179113
93306472591099871429332603092151306204575214554518
60480223887380544994654809938888227346201625905606
75707194225172831764371350056710548496297112685943
64749042708863386373741408003722034701450708112118
20008062893963213560868985629721139229454207064880
48564980607056323842162811028025749373388452929367
75318220729934266725009163348658602896686571236257
13992517336554745366275923832425954498651111366096
79417202515239983146709556185599641179709900028091
32208565671140384498488049525631431986310704197607
16759604683356866197320366502018356962972505379858
25014498369479892049719795886616814913200813291715
9081424879800952038704700747757608083821456950734
59174231653759083531544347615117502997237336915028
59844268443907944470227161521061967888814222580665
92029977916299290708838786929956754649181705138205
76297548888089983661896222970450628878577698944885
674155853627545479201850021294206898796014085973
76559882164599071615071726557368076006793685334613
63857981922360275544257319675163148047023842870906
98736730955716186399012966061950185698084533382876
54147467383422529355363500785135693465646724840798
23709301736721985999779043699628922993359790056061
19967637054459620597429756931833719286249712610561
93317158086494099983045164434576969045423980640337
35021654691868111530260837710377727424444529093855
87226345870884819562203329874416669317579456223985
1450994185155606834418464718390976462362919000549
58328247274230051585975385085249645597022644736549
81988542609568710306084892348716771849977670722317
12675621705284243366548483176673293354974465409673
69297518321859753708933833830354259279198876722555
35465478893076024683754567085079550524664221458792
22378858004498852345835946996188691791147132366743
276100603679177477644508736239521965356397425980
68853835232526884308240389682273179686826581612827
41179490838545991896896068104662195999355867016381
88542320253157320154710702345528164753531324458488
63247860226893915662853609657633767933972794124473
74708261413602573081860336299781282962516829488891
74708962394636517013008475612687243263455823312173
64531230234009397092863728891688835192191492665979
82198388560564760047259891683401365650383639247211
73932930348548063185649514589126882826142986592158
12999029849596015859317896960287504048554749375552
27155301767635642179455226281919231534035970825183
82926803040859241743147802865127678935346235018561
67478188207081694325290757760188098915675016036060
36507392392999012325646521594382134561288513354468
423160748074511210708556428077888010244965169095
44696141861688689070165086977486985862183272280504
59653942156210288860673192738624027474419313158787
18296023385615965830295909599247163894650285027455
83874569878405775525521763495883293840125790275074
57975856826591276552882725543982315942324162785399
34029572130987593552348996602445597333112745856660
3543203030532187699511436204839277862996640938414
86384264907472519773029874125756326884559544399752
40065150690866110338531959952876227614066072606221
84365438721914520371756509929811057600493017206830
10774499611901116945958433776913393992770618684143
50277638179109850826500346809856561511443488922575
10076829471895442742923357794748013421483625679894
84982561236579834626458113388947803966132477690302
47787996397573491864691644108418637179085051615717
37693262349907173847620960557391522040092182094003
82184209861755642298871135368778871899944794043781
14992892538131133680769697515282065326639313939633
5837759618661690091624574512318358612629010065194
525787558405563250725372000771525583389192459803
55056766689350272281184578012854482698994176879300
42678519704724112552001520643768881091544457984877
65992165423209038310545158602564373644315612097018
47466017970405743323348402439625269805414607316696
79744887196527850613987569684849996779050678588998
55197487766080722823085815893373930515155268890259
34277037363659743288133989106604564831726803307458
40351983110190403534280995068297207094244653830258
89071747004926177420938875150107755289534838927823
20924428392295944441585235260950829807010937428200
2125483492762569647502554041823478635126344668675
62473815327943547863447425716136666969347934156296
4702631861155254984104033208069683384035540139014
22220697937395922954109142382749460461644106674318
97974307680775591711027831067217959784681991613594
10243994929756993360828043930728082491512379963345
83355143322911278247880785527692330132638341645869
20417848915934718500118772786227004000594301135755
88232525791857089422738952596434292074730357829041
71667670696503794427206521826583583565671124391309
79845491417796112277407329098618634044119372768974
97757049978267194998960444943099626628122162870557
83025732165202960354774087410550824413376774748333
53182080861955899245233698447416773066561211501904
31756279844531481868840241036569550321254866285582
89816690027139544307225055497161286706725531145110
33992086909496922772373642295937340343978055513992
51535075088024938187758807039046113070159044736914
14575454926656637063676549054869523414176581239039
40354444541179987204494203192413499562876125816063
88661257644016474751565275144378927895422536707234
26737641056216483025616933243984341202316001048312
93732553243920435526190261882457033301109087463471
69821978850254622615643115921603329577880621383416
59023556462477948340917313951466360346789494406543
62341032970069880679673572876930503493430124442870
65533192308196347274568394897777108526733531832132
51559419799247153502980064855941904650990056135183
81938857732252737303922276889979955474825464161149
1600556195761382782541832016161095767312322083111
51041068394419220016080343960260857284988558187736
77097058719346422649425208916012365629478348656089
94896154512753681149016577714787933867073552206573
58750987324424602956019414454405280256824573230439
40406772127355941569276112347737591618909969744630
19814580678070157103719865925857162708865083927305
37922079582484295403220174619241760099851045714139