78586071485859001961202111144302170178222445505856
8377145749605832675345844063306205713273277825926
58196498323773394818075346242196551913184910729790
43712071006285364293340248173411427599151069336305
70566812160978252843539541129930159190761350962109
75168287616524982416895603637608301092481771285576
71185153952424485672923044362115937520470606117874
37004846609267949772158247910823762866290045462165
16956139613824955412148966394227062466460730890769
77789065641013886657080212830145545382328916943256
93042703635543002725184954261140637318295098790082
41503051676795328237531465278106193973618205187205
95831252383424041795299193290309079917029599088162
90676149022874924618576891688564979391774900205047
6223911383515811173216854657737339976432402285193
32023082909879532121997558934916276505331646774841
69220562788431295994671953833535157078900174706743
31517865976149030857275856082990028546460118894805
71190459565930266759355036351855126759490091076737
31087981042832453141008261352246721591053799446554
13473816996588791941013568074716332829096258663678
87759328511604601130085641522774324837823906918735
45763492527178912486504491725322509069012443533
1331567008438866079931605545205435662797819758275
45450982787834333665559266663236753988648756068967
41219135343590858838039267697567982059815514320875
77805665884829521674581997795438821763297732313187
72681297729640071937018822078027959855148437103523
23823092216322510399699359076343272025073256136052
10007886419403276893984971064282752690277869103413
20435258119129978418061883980349569969427449562311
23982888059762006508650095837345810226568138433870
20905685426106555381017287503936243880504579674734
8882866028966334596596758414125966740406716836439
33060273270933363651401243529505207120267820834795
69160033017925786981474258506988042396398094294164
9842503485476082977427639942698298959968333665059
67271966426889618017097252404184904611722369793320
55349684298038103883245848841037100577780113081953
91652222591417105640235965615571321654100927675985
90681984376286053675671548806381299666365816128167
43738104094566769540523664569552939598689392942641
93676716255216227433175765983463253372466841777398
44340642294606867747169862646481176637040970591849
97219333021395506625561214551686538918989755566648
55257298296539967448201922138619313065902485820967
44718779937195021321529475353925317724197850387790
39210666816953996778072748437162289807047816429103
42337277817994962300047782001957028532456001050912
63664796169372310721253312328717733135767530648130
98967366903360565552834310354457897906169248352127
44112096382253509164467949543820340308018294987778
95505848911820819411567120330344041733970767407925
73110745683838417668252861536708043962192846582307
8962300853296896217304377360263215220826831636270
22275950770565055202149581198893719258115171869634
59265167429871908136691762379205187970400944474005
19816080587319535683249760336205853189450393004290
16218062011433005477886704079208981377846820593361
71215491031439813625911992965004147212106529277109
23266548158011296300084140522877997341716422254809
95428492778565146269425609165940342822511887993659
58191762422937145031573634681555137003742977628271
38653589390398597126689366700039080848321788449662
94743218377620012489759584438388711979058690882484
28094252226513562586953673267016655027967235312014
37772305899093165092647150552126177312715534928503
21801603540841949686179050937655575806110923490322
1343527171923790428688249188442858859887997893906
70427873245174966160323753971783332073539216026474
8442458360456304143615206217754672918566353712908
72491485267235228239055978454165107511532568238982
82968523049807724759186018036220964957776935750415
39318061512766498522367119860143144649473793188001
89608850238711088909313404984454593149164651465622
89190647447959072320627751441854468870183347065411
43077003165879999116495148274667056941956376980115
6038354855656265651109659039977815756990550239225
61773847153085153984770911100024588585362029606157
24018335838144792427604805358338296588127554643733
7784531610718470677287598539921834969734309460149
26442762063677488601140099972094110470927444380890
87064302921269133105424634376969852322186299307075
93896827511052121223579761468275778974317433415386
28877928822692926319454820629995505143675239500530
2431822326096476034897104230426224470984983072450
3272231681312757927905290023118534806858649718969
29981678189529377289457037106441558224938493070060
43644823675592985967448993852519346438486934102543
54519979796259344312489728554963332943615885274752
35960465871788986798232978577941476139440465823528
9265824412525824772767017114324534415409993716013
97902123396589904161947114410142111860587784165883
86212691814585564404852324550605347926423687548200
80543956742264852520710780663670095917261907142022
14991090765101847360119973404691474671315553263111
73246431669171872177523364067338931431777424197936
7611671123730957489274693971424093167255874468164
82483401648758242301180062876246904086613202807549
84997812547605369444746650282712108878756077695482
17392618344652894672234379006139938396423631119061
35560820457767588525472909355563448449280760175010
74649368555163730547376585797999057853592285996804
666404200008176748202639295020474924839146959526
80342396115913019323780945808338418431128117384674
90863884031231589086204457639992141005778690970213
67121576707446355813515736289181494380226527637953
77967002602860973792412866584176584678286623921957
46799491151799060870535505428836577414871498504575
60437907165450969456975984791507922419338023962818
26286596730192987613743880869777440024635011317329
35337557787130823247742545372345633102847325458033
92224983765243671451402419958040421765117880527974
12134022674406968593891517867844830228467622931692
64961647274929970712655291042905522019606477211568
72494181995978801427691404304990817432696542025260
49246997525129852468602666612322743174573103847110
86185697493638104428213774665506351261519478558133
30417146224657673946162262032915018605048776354630
11662413745002696587912309564887486809077651157703
82110546452316729341471352971466844361507819498662
97380432610077665579670186895575198402505701671123
39715430915257476948819512457812692948818878232426
44046069656075294624191903223124510133420351757123
20709986555137564941286208340909733130075639745238
67678444271823384976644336072635037645942257337097
76969073874266387858128751067624387891251780795770
91579780922674244287429753460513141806772966907962
75831948466484445371439272149233853906644205872374
44248633801807854337965328120023196287638682422102
68189039910541665741084756420696131708107600385608
52916870320281657919064365028462703497164691788355
35774307244463058692651661669920064025334310960327
2286173594081575000352181306732592446009249669082
32090877638840999152569893369040302183484120362976
50914672585320346294345971577024721529285935782856
8229813684035416279242093971655475397399010266007
74008271164764971367045360721396307913818176006649
79518597698969809070263321393124674272041901094382
30423345083336990144402414007115286103994265807061
97825547431578377047588986300475837448408258859964
34740248289580003745015943151243053977462152579828
5845479137972615358460780723981662650859191400407
27685910884487506359092032914249848069280368452461
6750325289516937028549781620065351549012291516379
83241168157499661975646161358936436964725793500004
501914426730480830535053311730753783397206496478
31497678720032321881916894919789377906227105417729
91710284607274230360906859834967288551716830372505
11247358946955959538415677261754693936448165339640
86537641171861237546664254644033600979857834769576
83622643863475404365157605923912210414568729452162
85650707825211807622979902942235893654222037906783
5171657783586010736838295031665098843502047930502
60387477846672215065014979437114436464331366145823
31093484347777854712450064782841800938993396528882
10368817146582320396964915602056784903852495187061
95561702279314766770710079807247114295871076990383
28063462958482833864372294343094011703204365418477
45953873802574930862979807068543247751489447416501
2170929860669134645655093161281343542568765099030
38080523790118884188610573979487012506647166130559
41601263726384680437730644577657627082685401507489
14683854088528056285532533023061343508475810690170
74027499749895644602117702841635021342550920016357
93039904630476590043092457611811424618123751805986
95330031492037992513889869301597474220499008221104
82508585877538008536821689851864653350102207961843
26136734690762276561050790075232334875676147997137
12221549826400414217517127268877468465190119418466
96527019546314264073050285137711233546257332941457
7595759765387724729262712718920045098519233597675
54856900320342291199007801689154219169368498458626
47067793700913146189893058554997342276264553806548
4885170531721571099563163284477906644640472310573
70651901085503355921202587022514472870260824916322
47358291881048582780135051391777449316516697909006
66720035024776462383172497401290813324250660802622
17826635021883066986963215911107274990928776114225
51867229103665513662155742799303252576440096940252
16567159555626553929817692580074659069774205845564
69776149333365476305610503744842566330331003112193
80534888353023030419934356406167690672458147319719
86219455482192152207825794959523159870470003010975
44249535096984262808319631881643693998364806858940
14330207868039027975924672952654592591211769381532
80535629772202353176989631701756805302116244877789
52281174823768726500480542844957942818367320863710
77505411147672582986516732314013408074556670278910
46821845696457681436799255594590623025454733655132
41515635865279724403275331867267760547778367003427
14953856268295807320869121018898901230936550477437
30519315379819662094255757168416787645478922501709
20211435558733331599004206358149201821664897097757
91374052704928698669349365936281444658981349367492
18244050538325980041832173136098535462033414150446
92616774422797840061407935185499840917519686380383
88210149326980316396157388612733951658419555217305
82753904848460105218723676036487964281120916202714
80308460105326538939628340416458493226878740681806